Age <- c(1:30)